1 2 10
2 3 10
3 4 10
4 5 10
5 6 10
6 7 10
7 8 10
8 9 10
9 10 10
1 11 10
2 12 10
11 12 10
1 12 14.1421
3 13 10
12 13 10
2 13 14.1421
4 14 10
13 14 10
3 14 14.1421
5 15 10
14 15 10
4 15 14.1421
6 16 10
15 16 10
5 16 14.1421
7 17 10
16 17 10
6 17 14.1421
8 18 10
17 18 10
7 18 14.1421
9 19 10
18 19 10
8 19 14.1421
10 20 10
19 20 10
9 20 14.1421
11 21 10
12 22 10
21 22 10
11 22 14.1421
13 23 10
22 23 10
12 23 14.1421
14 24 10
23 24 10
13 24 14.1421
15 25 10
24 25 10
14 25 14.1421
16 26 10
25 26 10
15 26 14.1421
17 27 10
26 27 10
16 27 14.1421
18 28 10
27 28 10
17 28 14.1421
19 29 10
28 29 10
18 29 14.1421
20 30 10
29 30 10
19 30 14.1421
21 31 10
22 32 10
31 32 10
21 32 14.1421
23 33 10
32 33 10
22 33 14.1421
24 34 10
33 34 10
23 34 14.1421
25 35 10
34 35 10
24 35 14.1421
26 36 10
35 36 10
25 36 14.1421
27 37 10
36 37 10
26 37 14.1421
28 38 10
37 38 10
27 38 14.1421
29 39 10
38 39 10
28 39 14.1421
30 40 10
39 40 10
29 40 14.1421
31 41 10
32 42 10
41 42 10
31 42 14.1421
33 43 10
42 43 10
32 43 14.1421
34 44 10
43 44 10
33 44 14.1421
35 45 10
44 45 10
34 45 14.1421
36 46 10
45 46 10
35 46 14.1421
37 47 10
46 47 10
36 47 14.1421
38 48 10
47 48 10
37 48 14.1421
39 49 10
48 49 10
38 49 14.1421
40 50 10
49 50 10
39 50 14.1421
41 51 10
42 52 10
51 52 10
41 52 14.1421
43 53 10
52 53 10
42 53 14.1421
44 54 10
53 54 10
43 54 14.1421
45 55 10
54 55 10
44 55 14.1421
46 56 10
55 56 10
45 56 14.1421
47 57 10
56 57 10
46 57 14.1421
48 58 10
57 58 10
47 58 14.1421
49 59 10
58 59 10
48 59 14.1421
50 60 10
59 60 10
49 60 14.1421
51 61 10
52 62 10
61 62 10
51 62 14.1421
53 63 10
62 63 10
52 63 14.1421
54 64 10
63 64 10
53 64 14.1421
55 65 10
64 65 10
54 65 14.1421
56 66 10
65 66 10
55 66 14.1421
57 67 10
66 67 10
56 67 14.1421
58 68 10
67 68 10
57 68 14.1421
59 69 10
68 69 10
58 69 14.1421
60 70 10
69 70 10
59 70 14.1421
61 71 10
62 72 10
71 72 10
61 72 14.1421
63 73 10
72 73 10
62 73 14.1421
64 74 10
73 74 10
63 74 14.1421
65 75 10
74 75 10
64 75 14.1421
66 76 10
75 76 10
65 76 14.1421
67 77 10
76 77 10
66 77 14.1421
68 78 10
77 78 10
67 78 14.1421
69 79 10
78 79 10
68 79 14.1421
70 80 10
79 80 10
69 80 14.1421
71 81 10
72 82 10
81 82 10
71 82 14.1421
73 83 10
82 83 10
72 83 14.1421
74 84 10
83 84 10
73 84 14.1421
75 85 10
84 85 10
74 85 14.1421
76 86 10
85 86 10
75 86 14.1421
77 87 10
86 87 10
76 87 14.1421
78 88 10
87 88 10
77 88 14.1421
79 89 10
88 89 10
78 89 14.1421
80 90 10
89 90 10
79 90 14.1421
81 91 10
82 92 10
91 92 10
81 92 14.1421
83 93 10
92 93 10
82 93 14.1421
84 94 10
93 94 10
83 94 14.1421
85 95 10
94 95 10
84 95 14.1421
86 96 10
95 96 10
85 96 14.1421
87 97 10
96 97 10
86 97 14.1421
88 98 10
97 98 10
87 98 14.1421
89 99 10
98 99 10
88 99 14.1421
90 100 10
99 100 10
89 100 14.1421